*Vertices   108
   47236
   42899
   14204
   10000
   4979
   4653
   2325
   2000
   1991
   1850
   1801
   1750
   1419
   1400
   1389
   1300
   1250
   1031
   1000
   1000
   1000
   934
   929
   910
   900
   898
   850
   831
   817
   800
   750
   737
   720
   660
   606
   600
   600
   600
   600
   600
   575
   570
   560
   550
   549
   535
   525
   500
   500
   500
   496
   490
   453
   450
   540
   400
   400
   367
   360
   350
   350
   350
   350
   335
   15198
   14134
   14025
   13606
   12270
   11917
   10923
   4013
   17208
   16351
   13138
   10925
   5399
   5073
   5000
   4670
   4623
   3865
   2832
   2694
   1000
   648
   1550
   1500
   1500
   1500
   1200
   750
   750
   553
   504
   500
   500
   500
   500
   500
   428
   403
   400
   400
   375
   362
   335
   325
