*Vertices   80
   1209.0
   8042.0
   20333.0
   28942.0
   7053.0
   272.0
   27129.0
   2753.0
   885.0
   4501.0
   19362.0
   4589.0
   584.0
   2089.0
   4187.0
   11818.0
   4922.0
   33121.0
   1565.0
   970.0
   1675.0
   2604.0
   24653.0
   26458.0
   11415.0
   29419.0
   10900.0
   9204.0
   1469.0
   700.0
   22372.0
   4274.0
   26006.0
   370.0
   1024.0
   17888.0
   16506.0
   18975.0
   40920.0
   1159.0
   10153.0
   15717.0
   1754.0
   115.0
   4342.0
   12711.0
   3567.0
   3140.0
   1270.0
   25769.0
   16402.0
   427.0
   33708.0
   6382.0
   502.0
   3005.0
   1860.0
   2501.0
   1084.0
   3083.0
   10620.0
   329.0
   11856.0
   1561.0
   6920.0
   25645.0
   9419.0
   3566.0
   14140.0
   721.0
   26296.0
   43034.0
   2869.0
   4080.0
   2013.0
   2763.0
   18991.0
   26341.0
   5526.0
   3496.0
