*Vertices   80
   0.4380682
   0.2159091
   0.8636364
   0.46875
   0.2670454
   0.7301137
   0.45
   0.1352273
   0.2215909
   0.2897727
   0.1363636
   0.1931818
   0.75
   0.2215909
   0.4886364
   0.5142046
   0.4772727
   0.4602273
   0.1761364
   0.5170455
   0.1306818
   0.9886363
   0.5113636
   0.4375
   0.2784091
   0.4659091
   0.5028409
   0.2613636
   0.125
   0.1477273
   0.8125
   0.4829545
   0.3693182
   0.6931818
   0.7869318
   0.4119318
   0.5426136
   0.4715909
   0.875
   0.5568182
   0.84375
   0.5880682
   0.5113636
   0.5852273
   0.8039773
   0.2642046
   0.6164773
   0.0795454
   0.4090909
   0.4488637
   0.9602273
   0.1477273
   0.4602273
   0.6193182
   0.6505682
   0.1761364
   0.2443182
   0.1818182
   0.8352273
   0.4914773
   0.4034091
   0.5113636
   0.6068182
   0.5056818
   0.6306818
   0.7727273
   0.4715909
   0.5085227
   0.4204546
   0.7017046
   0.4801136
   0.4602273
   0.7642046
   0.2613636
   0.4642045
   0.5454546
   0.4289773
   0.1193182
   0.25
   0.2272727
