*Vertices   80
   0.4957265
   0.7749288
   0.7008547
   0.411396
   0.5766382
   0.5071225
   0.3931624
   0.5259259
   0.6951567
   0.6780627
   0.3304843
   0.7635328
   0.4643874
   0.5925926
   0.4273504
   0.4700855
   0.4017094
   0.3760684
   0.6210826
   0.5071225
   0.5413105
   0.6951567
   0.3304843
   0.4159544
   0.6096866
   0.3988604
   0.4501424
   0.5754986
   0.5356125
   0.5413105
   0.5099715
   0.411396
   0.3162393
   0.5470086
   0.6210826
   0.3646724
   0.4757835
   0.4358974
   0.4586895
   0.4814815
   0.4615385
   0.4871795
   0.3646724
   0.6837607
   0.5868946
   0.5669516
   0.6962963
   0.5014245
   0.4729345
   0.3846154
   0.8091168
   0.5527065
   0.3418804
   0.5213675
   0.4957265
   0.5754986
   0.7179487
   0.6666666
   0.5498576
   0.3874644
   0.4444444
   0.4159544
   0.7037037
   0.4273504
   0.6341881
   0.5925926
   0.4216524
   0.7179487
   0.4387464
   0.5726496
   0.3532763
   0.4188034
   0.5413105
   0.5868946
   0.4717948
   0.4444444
   0.3732194
   0.4159544
   0.7578348
   0.5925926
